! ==============================================================================
! This file is part of FFDevel.
!    Copyright (C) 2020 Petr Kulhanek, kulhanek@chemi.muni.cz
!
! FFDevel is free software: you can redistribute it and/or modify it under
! the terms of the GNU General Public License as published by the Free Software
! Foundation, either version 3 of the License, or (at your option) any later
! version.
!
! FFDevel is distributed in the hope that it will be useful, but WITHOUT ANY
! WARRANTY; without even the implied warranty of MERCHANTABILITY or FITNESS
! FOR A PARTICULAR PURPOSE. See the GNU General Public License for more details.
!
! You should have received a copy of the GNU General Public License
! along with FFDevel. If not, see <http://www.gnu.org/licenses/>.
! ==============================================================================

module ffdev_densoverlap_db

use ffdev_constants
use ffdev_densoverlap_dat

! ==============================================================================

! calculated by gaussian, electron density symmetrized
! UPBE0/def2-TZVPP
! atom multiplicities taken from DFT-D3
! full densities calculated by cubegen
! density overlaps provided by 'densityoverlap' from FFDevel with sgau

! like-only atoms --------------------------------------------------------------

integer         :: densoverlap_PBE0_def2QZVPP_maxZ = 18
real(DEVDP)     :: densoverlap_PBE0_def2QZVPP_b0(1:18) = (/ &
  2.8662,   4.9313,   1.6671,   2.2593,   2.6735,   3.1934,   3.7611,   4.1103,   4.6049,   5.0782, &
  1.8265,   2.2678,   2.2114,   2.6141,   2.9995,   3.2670,   3.5915,   4.0491 &
/)
real(DEVDP)     :: densoverlap_PBE0_def2QZVPP_a0(1:18) = (/ &
 -3.6253,   0.0329,  -3.4905,  -1.7308,  -0.6980,   0.2912,   1.2173,   1.7185,   2.4225,   3.0735, &
 -1.4312,  -0.0893,  -0.1280,   0.9381,   1.7120,   2.2309,   2.7892,   3.7182 &
/)
real(DEVDP)     :: densoverlap_PBE0_def2QZVPP_bm(1:18) = (/ &
  1.8156,   3.1076,   0.9885,   1.4491,   1.8984,   2.5109,   3.0250,   3.4741,   3.9990,   3.5671, &
  1.0793,   1.2725,   1.6271,   2.2451,   2.5645,   2.8504,   3.1708,   3.1367 &
/)
real(DEVDP)     :: densoverlap_PBE0_def2QZVPP_am(1:18) = (/ &
 -3.7372,  -0.5703,  -4.4464,  -2.8069,  -1.5045,  -0.1585,   0.8239,   1.5624,   2.3400,   2.2042, &
 -2.7989,  -2.0164,  -0.8956,   0.8836,   1.4854,   2.0484,   2.6019,   3.1434 &
/)
real(DEVDP)     :: densoverlap_PBE0_def2QZVPP_bp(1:18) = (/ &
  0.0000,   6.1748,   3.1610,   3.0346,   3.8767,   4.2199,   4.6646,   5.1174,   5.4225,   5.8875, &
  2.1916,   2.9533,   3.2884,   3.2224,   3.5468,   3.9306,   4.1884,   4.5738 &
/)
real(DEVDP)     :: densoverlap_PBE0_def2QZVPP_ap(1:18) = (/ &
  0.0000,  -1.0271, -12.4032,  -1.3689,   0.8785,   1.3050,   1.8458,   2.3144,   2.6083,   3.1406, &
-10.9977,   0.4484,   1.4350,   1.4073,   2.1393,   2.8722,   3.2817,   3.9813 &
/)

! all-combinations -------------------------------------------------------------

real(DEVDP)     :: densoverlap_PBE0_def2QZVPP_b0ij(18,18)
real(DEVDP)     :: densoverlap_PBE0_def2QZVPP_a0ij(18,18)

real(DEVDP)     :: densoverlap_PBE0_def2QZVPP_b0_plain(1:324) = (/ &
  2.8662,   3.4392,   1.7792,   2.4337,   2.8043,   3.0850,   3.2741,   3.3598,   3.4319, &
  3.4934,   1.9263,   2.3914,   2.4605,   2.7367,   2.9817,   3.1267,   3.2566,   3.3902, &
  3.4392,   4.9313,   1.8798,   2.7243,   3.0054,   3.5244,   4.0803,   4.3703,   4.7344, &
  5.0093,   1.8596,   2.4127,   2.4563,   2.8348,   3.2884,   3.5382,   3.8584,   4.2426, &
  1.7792,   1.8798,   1.6671,   1.8037,   1.8677,   1.8807,   1.8821,   1.8901,   1.8946, &
  1.9254,   1.8290,   1.8681,   1.8670,   1.9210,   1.9095,   1.9209,   1.9251,   1.9505, &
  2.4337,   2.7243,   1.8037,   2.2593,   2.4742,   2.5981,   2.6686,   2.7126,   2.7405, &
  2.7719,   1.9821,   2.2962,   2.3083,   2.4764,   2.5798,   2.6400,   2.6863,   2.7411, &
  2.8043,   3.0054,   1.8677,   2.4742,   2.6735,   2.8593,   2.9509,   2.9770,   2.9965, &
  2.9953,   1.9085,   2.3568,   2.3505,   2.6241,   2.8022,   2.8736,   2.9249,   2.9565, &
  3.0850,   3.5244,   1.8807,   2.5981,   2.8593,   3.1934,   3.3959,   3.4630,   3.5124, &
  3.5417,   1.8884,   2.4071,   2.4158,   2.7643,   3.0749,   3.2227,   3.3573,   3.4724, &
  3.2741,   4.0803,   1.8821,   2.6686,   2.9509,   3.3959,   3.7611,   3.9104,   4.0447, &
  4.1406,   1.8713,   2.4166,   2.4400,   2.8111,   3.2119,   3.4248,   3.6572,   3.8954, &
  3.3598,   4.3703,   1.8901,   2.7126,   2.9770,   3.4630,   3.9104,   4.1103,   4.3073, &
  4.4722,   1.8712,   2.4323,   2.4440,   2.8247,   3.2569,   3.4893,   3.7635,   4.0764, &
  3.4319,   4.7344,   1.8946,   2.7405,   2.9965,   3.5124,   4.0447,   4.3073,   4.6049, &
  4.8412,   1.8709,   2.4377,   2.4508,   2.8341,   3.2887,   3.5360,   3.8455,   4.2247, &
  3.4934,   5.0093,   1.9254,   2.7719,   2.9953,   3.5417,   4.1406,   4.4722,   4.8412, &
  5.0782,   1.8897,   2.4594,   2.4489,   2.8415,   3.3177,   3.5756,   3.9095,   4.3444, &
  1.9263,   1.8596,   1.8290,   1.9821,   1.9085,   1.8884,   1.8713,   1.8712,   1.8709, &
  1.8897,   1.8265,   1.9638,   1.9158,   1.9325,   1.9147,   1.9047,   1.8970,   1.9065, &
  2.3914,   2.4127,   1.8681,   2.2962,   2.3568,   2.4071,   2.4166,   2.4323,   2.4377, &
  2.4594,   1.9638,   2.2678,   2.2416,   2.3758,   2.4246,   2.4417,   2.4503,   2.4788, &
  2.4605,   2.4563,   1.8670,   2.3083,   2.3505,   2.4158,   2.4400,   2.4440,   2.4508, &
  2.4489,   1.9158,   2.2416,   2.2114,   2.3288,   2.4011,   2.4122,   2.4211,   2.4083, &
  2.7367,   2.8348,   1.9210,   2.4764,   2.6241,   2.7643,   2.8111,   2.8247,   2.8341, &
  2.8415,   1.9325,   2.3758,   2.3288,   2.6141,   2.7417,   2.7868,   2.8133,   2.8413, &
  2.9817,   3.2884,   1.9095,   2.5798,   2.8022,   3.0749,   3.2119,   3.2569,   3.2887, &
  3.3177,   1.9147,   2.4246,   2.4011,   2.7417,   2.9995,   3.1145,   3.2049,   3.2920, &
  3.1267,   3.5382,   1.9209,   2.6400,   2.8736,   3.2227,   3.4248,   3.4893,   3.5360, &
  3.5756,   1.9047,   2.4417,   2.4122,   2.7868,   3.1145,   3.2670,   3.3979,   3.5226, &
  3.2566,   3.8584,   1.9251,   2.6863,   2.9249,   3.3573,   3.6572,   3.7635,   3.8455, &
  3.9095,   1.8970,   2.4503,   2.4211,   2.8133,   3.2049,   3.3979,   3.5915,   3.7746, &
  3.3902,   4.2426,   1.9505,   2.7411,   2.9565,   3.4724,   3.8954,   4.0764,   4.2247, &
  4.3444,   1.9065,   2.4788,   2.4083,   2.8413,   3.2920,   3.5226,   3.7746,   4.0491 &
/)

real(DEVDP)     :: densoverlap_PBE0_def2QZVPP_a0_plain(1:324) = (/ &
 -3.6253,  -2.3448,  -4.6585,  -2.9246,  -2.0695,  -1.5273,  -1.1856,  -1.0087,  -0.8568, &
 -0.7087,  -3.8889,  -2.3937,  -2.1027,  -1.4106,  -0.8690,  -0.5534,  -0.2880,   0.0040, &
 -2.3448,   0.0329,  -3.8529,  -1.8937,  -1.5547,  -0.7137,   0.1761,   0.5944,   1.1527, &
  1.5598,  -3.7142,  -2.1187,  -1.9421,  -1.1413,  -0.2518,   0.1486,   0.6800,   1.3800, &
 -4.6585,  -3.8529,  -3.4905,  -3.0326,  -2.7290,  -2.6150,  -2.5242,  -2.3979,  -2.2901, &
 -2.0979,  -2.0419,  -1.8603,  -1.7691,  -1.5463,  -1.5664,  -1.4798,  -1.4194,  -1.2792, &
 -2.9246,  -1.8937,  -3.0326,  -1.7308,  -1.1209,  -0.8196,  -0.6306,  -0.4605,  -0.3370, &
 -0.1926,  -1.9288,  -0.8390,  -0.7062,  -0.2129,   0.0526,   0.2303,   0.3647,   0.5416, &
 -2.0695,  -1.5547,  -2.7290,  -1.1209,  -0.6980,  -0.3326,  -0.1889,  -0.1268,  -0.0743, &
 -0.0642,  -2.2525,  -0.7723,  -0.7216,   0.0385,   0.4447,   0.5909,   0.6829,   0.7258, &
 -1.5273,  -0.7137,  -2.6150,  -0.8196,  -0.3326,   0.2912,   0.6124,   0.7059,   0.7704, &
  0.8163,  -2.3309,  -0.7145,  -0.6228,   0.2573,   0.9460,   1.2410,   1.4802,   1.7047, &
 -1.1856,   0.1761,  -2.5242,  -0.6306,  -0.1889,   0.6124,   1.2173,   1.4340,   1.6196, &
  1.7674,  -2.3365,  -0.7025,  -0.5762,   0.2834,   1.1349,   1.5310,   1.9541,   2.4249, &
 -1.0087,   0.5944,  -2.3979,  -0.4605,  -0.1268,   0.7059,   1.4340,   1.7185,   1.9926, &
  2.2693,  -2.2444,  -0.5998,  -0.5190,   0.3252,   1.2093,   1.6131,   2.0904,   2.7089, &
 -0.8568,   1.1527,  -2.2901,  -0.3370,  -0.0743,   0.7704,   1.6196,   1.9926,   2.4225, &
  2.7940,  -2.1573,  -0.5268,  -0.4483,   0.3660,   1.2630,   1.6629,   2.1788,   2.8990, &
 -0.7087,   1.5598,  -2.0979,  -0.1926,  -0.0642,   0.8163,   1.7674,   2.2693,   2.7940, &
  3.0736,  -1.9989,  -0.3933,  -0.3956,   0.4208,   1.3440,   1.7433,   2.2803,   3.1053, &
 -3.8889,  -3.7142,  -2.0419,  -1.9288,  -2.2525,  -2.3309,  -2.3365,  -2.2444,  -2.1573, &
 -1.9989,  -1.4312,  -1.0437,  -1.1433,  -1.1625,  -1.2666,  -1.2793,  -1.2765,  -1.1949, &
 -2.3937,  -2.1187,  -1.8603,  -0.8390,  -0.7723,  -0.7145,  -0.7025,  -0.5998,  -0.5268, &
 -0.3933,  -1.0437,  -0.0893,  -0.1002,   0.2380,   0.3015,   0.3411,   0.3611,   0.4693, &
 -2.1027,  -1.9421,  -1.7691,  -0.7062,  -0.7216,  -0.6228,  -0.5762,  -0.5190,  -0.4483, &
 -0.3956,  -1.1433,  -0.1002,  -0.1280,   0.1404,   0.2837,   0.2947,   0.3114,   0.2663, &
 -1.4106,  -1.1413,  -1.5463,  -0.2129,   0.0385,   0.2573,   0.2834,   0.3252,   0.3660, &
  0.4208,  -1.1625,   0.2380,   0.1404,   0.9381,   1.1593,   1.2295,   1.2493,   1.3051, &
 -0.8690,  -0.2518,  -1.5664,   0.0526,   0.4447,   0.9460,   1.1349,   1.2093,   1.2630, &
  1.3440,  -1.2666,   0.3015,   0.2837,   1.1593,   1.7120,   1.9387,   2.0896,   2.2732, &
 -0.5534,   0.1486,  -1.4798,   0.2303,   0.5909,   1.2410,   1.5310,   1.6131,   1.6629, &
  1.7433,  -1.2793,   0.3411,   0.2947,   1.2295,   1.9387,   2.2309,   2.4519,   2.6992, &
 -0.2880,   0.6800,  -1.4194,   0.3647,   0.6829,   1.4802,   1.9541,   2.0904,   2.1788, &
  2.2803,  -1.2765,   0.3611,   0.3114,   1.2493,   2.0896,   2.4519,   2.7892,   3.1479, &
  0.0040,   1.3800,  -1.2792,   0.5416,   0.7258,   1.7047,   2.4249,   2.7089,   2.8990, &
  3.1053,  -1.1949,   0.4693,   0.2663,   1.3051,   2.2732,   2.6992,   3.1479,   3.7182 &
/)

! ==============================================================================

end module ffdev_densoverlap_db
